index,actual,target
69000,0.0,70
69001,0.0,70
69002,0.0,70
69003,0.0,70
69004,0.0,70
69005,0.0,70
69006,0.0,70
69007,0.0,70
69008,0.0,70
69009,0.0,70
69010,0.0,70
69011,0.0,70
69012,0.0,70
69013,0.0,70
69014,0.0,70
69015,0.0,70
69016,0.0,70
69017,0.0,70
69018,0.0,70
69019,0.0,70
69020,0.0,70
69021,0.0,70
69022,0.0,70
69023,0.0,70
69024,0.0,70
69025,0.0,70
69026,0.0,70
69027,0.0,70
69028,0.0,70
69029,0.0,70
69030,0.0,70
69031,0.0,70
69032,0.0,70
69033,0.0,70
69034,0.0,70
69035,0.0,70
69036,0.0,70
69037,0.0,70
69038,0.0,70
69039,0.0,70
69040,0.0,70
69041,0.0,70
69042,0.0,70
69043,0.0,70
69044,0.0,70
69045,0.0,70
69046,0.0,70
69047,0.0,70
69048,0.0,70
69049,0.0,70
69050,0.0,70
69051,0.0,70
69052,0.0,70
69053,0.0,70
69054,0.0,70
69055,0.0,70
69056,0.0,70
69057,0.0,70
69058,0.0,70
69059,0.0,70
69060,0.0,70
69061,0.0,70
69062,0.0,70
69063,0.0,70
69064,0.0,70
69065,0.0,70
69066,0.0,70
69067,0.0,70
69068,0.0,70
69069,0.0,70
69070,0.0,70
69071,0.0,70
69072,0.0,70
69073,0.0,70
69074,0.0,70
69075,0.0,70
69076,0.0,70
69077,0.0,70
69078,0.0,70
69079,0.0,70
69080,0.0,70
69081,0.0,70
69082,0.0,70
69083,0.0,70
69084,0.0,70
69085,0.0,70
69086,0.0,70
69087,0.0,70
69088,0.0,70
69089,0.0,70
69090,0.0,70
69091,0.0,70
69092,0.0,70
69093,0.0,70
69094,0.0,70
69095,0.0,70
69096,0.0,70
69097,0.0,70
69098,0.0,70
69099,0.0,70
69100,0.0,70
69101,0.0,70
69102,0.0,70
69103,0.0,70
69104,0.0,70
69105,0.0,70
69106,0.0,70
69107,0.0,70
69108,0.0,70
69109,0.0,70
69110,0.0,70
69111,0.0,70
69112,0.0,70
69113,0.0,70
69114,0.0,70
69115,0.0,70
69116,0.0,70
69117,0.0,70
69118,0.0,70
69119,0.0,70
69120,0.0,70
69121,0.0,70
69122,0.0,70
69123,0.0,70
69124,0.0,70
69125,0.0,70
69126,0.0,70
69127,0.0,70
69128,0.0,70
69129,0.0,70
69130,0.0,70
69131,0.0,70
69132,0.0,70
69133,0.0,70
69134,0.0,70
69135,0.0,70
69136,0.0,70
69137,0.0,70
69138,0.0,70
69139,0.0,70
69140,0.0,70
69141,0.0,70
69142,0.0,70
69143,0.0,70
69144,0.0,70
69145,0.0,70
69146,0.0,70
69147,0.0,70
69148,0.0,70
69149,0.0,70
69150,0.0,70
69151,0.0,70
69152,0.0,70
69153,0.0,70
69154,0.0,70
69155,0.0,70
69156,0.0,70
69157,0.0,70
69158,0.0,70
69159,0.0,70
69160,0.0,70
69161,0.0,70
69162,0.0,70
69163,0.0,70
69164,0.0,70
69165,0.0,70
69166,0.0,70
69167,0.0,70
69168,0.0,70
69169,0.0,70
69170,0.0,70
69171,0.0,70
69172,0.0,70
69173,0.0,70
69174,0.0,70
69175,0.0,70
69176,0.0,70
69177,0.0,70
69178,0.0,70
69179,0.0,70
69180,0.0,70
69181,0.0,70
69182,16.03,70
69183,36.98,70
69184,51.78,70
69185,59.17,70
69186,66.57,70
69187,66.57,70
69188,66.57,70
69189,73.96,70
69190,66.57,70
69191,66.57,70
69192,73.96,70
69193,66.57,70
69194,73.96,70
69195,66.57,70
69196,66.14,70
69197,74.45,70
69198,66.57,70
69199,66.57,70
69200,73.96,70
69201,66.57,70
69202,66.57,70
69203,66.57,70
69204,73.96,70
69205,66.57,70
69206,66.57,70
69207,73.96,70
69208,66.57,70
69209,66.57,70
69210,66.57,70
69211,73.96,70
69212,66.57,70
69213,66.57,70
69214,73.77,70
69215,66.75,70
69216,66.57,70
69217,66.57,70
69218,73.96,70
69219,66.57,70
69220,66.57,70
69221,66.57,70
69222,73.96,70
69223,66.57,70
69224,66.57,70
69225,73.96,70
69226,66.57,70
69227,66.57,70
69228,66.57,70
69229,73.96,70
69230,66.57,70
69231,66.57,70
69232,73.68,70
69233,66.83,70
69234,66.57,70
69235,66.57,70
69236,73.96,70
69237,66.57,70
69238,66.57,70
69239,73.49,70
69240,66.98,70
69241,66.59,70
69242,66.57,70
69243,73.96,70
69244,66.57,70
69245,66.55,70
69246,66.59,70
69247,73.96,70
69248,66.57,70
69249,66.57,70
69250,73.75,70
69251,66.77,70
69252,66.57,70
69253,66.57,70
69254,73.96,70
69255,66.57,70
69256,66.57,70
69257,66.57,70
69258,73.96,70
69259,66.57,70
69260,66.57,70
69261,73.96,70
69262,66.57,70
69263,66.57,70
69264,66.57,70
69265,73.96,70
69266,66.57,70
69267,66.57,70
69268,73.75,70
69269,66.77,70
69270,66.57,70
69271,66.57,70
69272,73.96,70
69273,66.57,70
69274,66.57,70
69275,73.49,70
69276,67.0,70
69277,66.57,70
69278,66.57,70
69279,73.96,70
69280,66.57,70
69281,66.57,70
69282,66.57,70
69283,73.96,70
69284,66.57,70
69285,66.57,70
69286,73.96,70
69287,66.57,70
69288,66.57,70
69289,66.57,70
69290,73.96,70
69291,66.57,70
69292,66.57,70
69293,73.72,70
69294,66.79,70
69295,66.57,70
69296,66.57,70
69297,73.96,70
69298,66.57,70
69299,66.57,70
69300,73.49,70
69301,67.0,70
69302,66.57,70
69303,66.57,70
69304,73.94,70
69305,66.59,70
69306,66.57,70
69307,66.57,70
69308,73.96,70
69309,66.55,70
69310,66.59,70
69311,73.83,70
69312,66.69,70
69313,66.57,70
69314,66.57,70
69315,73.96,70
69316,66.57,70
69317,66.57,70
69318,73.49,70
69319,67.0,70
69320,66.57,70
69321,66.57,70
69322,73.96,70
69323,66.57,70
69324,66.57,70
69325,66.57,70
69326,73.96,70
69327,66.57,70
69328,66.57,70
69329,73.96,70
69330,66.57,70
69331,66.57,70
69332,66.57,70
69333,73.96,70
69334,66.57,70
69335,66.57,70
69336,73.68,70
69337,66.83,70
69338,66.57,70
69339,66.57,70
69340,73.96,70
69341,66.57,70
69342,66.57,70
69343,73.44,70
69344,67.04,70
69345,66.57,70
69346,66.57,70
69347,73.96,70
69348,66.57,70
69349,66.57,70
69350,66.57,70
69351,73.96,70
69352,66.57,70
69353,66.57,70
69354,73.83,70
69355,66.69,70
69356,66.57,70
69357,66.57,70
69358,73.96,70
69359,66.57,70
69360,66.57,70
69361,73.55,70
69362,66.94,70
69363,66.57,70
69364,66.57,70
69365,73.96,70
69366,66.57,70
69367,66.57,70
69368,73.44,70
69369,67.04,70
69370,66.57,70
69371,66.57,70
69372,73.96,70
69373,66.55,70
69374,66.59,70
69375,66.57,70
69376,73.96,70
69377,66.57,70
69378,66.57,70
69379,73.96,70
69380,66.57,70
69381,66.57,70
69382,66.57,70
69383,73.96,70
69384,66.57,70
69385,66.57,70
69386,73.77,70
69387,66.75,70
69388,66.57,70
69389,66.57,70
69390,73.96,70
69391,66.57,70
69392,66.57,70
69393,66.57,70
69394,73.96,70
69395,66.57,70
69396,66.57,70
69397,73.96,70
69398,66.57,70
69399,66.57,70
69400,66.57,70
69401,73.96,70
69402,66.57,70
69403,66.57,70
69404,73.96,70
69405,66.57,70
69406,66.57,70
69407,66.57,70
69408,73.96,70
69409,66.57,70
69410,66.57,70
69411,73.77,70
69412,66.75,70
69413,66.57,70
69414,66.57,70
69415,73.96,70
69416,66.57,70
69417,66.57,70
69418,66.57,70
69419,66.57,70
69420,59.17,70
69421,51.78,70
69422,51.78,70
69423,44.38,70
69424,51.44,70
69425,37.22,70
69426,36.98,70
69427,36.98,70
69428,36.98,70
69429,29.59,70
69430,29.59,70
69431,29.39,70
69432,22.33,70
69433,22.2,70
69434,22.19,70
69435,14.79,70
69436,22.19,70
69437,14.79,70
69438,14.8,70
69439,14.79,70
69440,14.79,70
69441,14.79,70
69442,14.79,70
69443,14.79,70
69444,14.79,70
69445,7.4,70
69446,8.01,70
69447,16.02,70
69448,7.4,70
69449,8.01,70
69450,8.01,70
69451,8.01,70
69452,8.01,70
69453,0.0,70
69454,8.01,70
69455,8.01,70
69456,0.0,70
69457,8.01,70
69458,0.0,70
69459,0.0,70
69460,8.01,70
69461,0.0,70
69462,0.0,70
69463,0.0,70
69464,0.0,70
69465,0.0,70
69466,0.0,70
69467,0.0,70
69468,0.0,70
69469,0.0,70
69470,0.0,70
69471,0.0,70
69472,0.0,70
69473,0.0,70
69474,0.0,70
69475,0.0,70
69476,0.0,70
69477,0.0,70
69478,0.0,70
69479,0.0,70
69480,0.0,70
69481,0.0,70
69482,0.0,70
69483,0.0,70
69484,0.0,70
69485,0.0,70
69486,0.0,70
69487,0.0,70
69488,0.0,70
69489,0.0,70
69490,0.0,70
69491,0.0,70
69492,0.0,70
69493,0.0,70
69494,0.0,70
69495,0.0,70
69496,0.0,70
69497,0.0,70
69498,0.0,70
69499,0.0,70
69500,0.0,70
69501,0.0,70
69502,0.0,70
69503,0.0,70
69504,0.0,70
69505,0.0,70
69506,0.0,70
69507,0.0,70
69508,0.0,70
69509,0.0,70
69510,0.0,70
69511,0.0,70
69512,0.0,70
69513,0.0,70
69514,0.0,70
69515,0.0,70
69516,0.0,70
69517,0.0,70
69518,0.0,70
69519,0.0,70
69520,0.0,70
69521,0.0,70
69522,0.0,70
69523,0.0,70
69524,0.0,70
69525,0.0,70
69526,0.0,70
69527,0.0,70
69528,0.0,70
69529,0.0,70
69530,0.0,70
69531,0.0,70
69532,0.0,70
69533,0.0,70
69534,0.0,70
69535,0.0,70
69536,0.0,70
69537,0.0,70
69538,0.0,70
69539,0.0,70
69540,0.0,70
69541,0.0,70
69542,0.0,70
69543,0.0,70
69544,0.0,70
69545,0.0,70
69546,0.0,70
69547,0.0,70
69548,0.0,70
69549,0.0,70
69550,0.0,70
69551,0.0,70
69552,0.0,70
69553,0.0,70
69554,0.0,70
69555,0.0,70
69556,0.0,70
69557,0.0,70
69558,0.0,70
69559,0.0,70
69560,0.0,70
69561,0.0,70
69562,0.0,70
69563,0.0,70
69564,0.0,70
69565,0.0,70
69566,0.0,70
69567,0.0,70
69568,0.0,70
69569,0.0,70
69570,0.0,70
69571,0.0,70
69572,0.0,70
69573,0.0,70
69574,0.0,70
69575,0.0,70
69576,0.0,70
69577,0.0,70
69578,0.0,70
69579,0.0,70
69580,0.0,70
69581,0.0,70
69582,0.0,70
69583,0.0,70
69584,0.0,70
69585,0.0,70
69586,0.0,70
69587,0.0,70
69588,0.0,70
69589,0.0,70
69590,0.0,70
69591,0.0,70
69592,0.0,70
69593,0.0,70
69594,0.0,70
69595,0.0,70
69596,0.0,70
69597,0.0,70
69598,0.0,70
69599,0.0,70
69600,0.0,70
69601,0.0,70
